0.8823128342628479
-0.8170630931854248
0.3956545889377594
-1.1602897644042969
-1.275092363357544
-1.6909825801849365
1.0085777044296265
0.08943454176187515
-0.09815854579210281
-0.3334096372127533
-0.5449403524398804
0.17155449092388153
0.43810293078422546
0.9747204780578613
-0.8344078660011292
-0.5193735957145691
-0.49824008345603943
0.28880226612091064
0.8397248387336731
0.0651596337556839
-0.7965624928474426
-0.6306328773498535
0.24886614084243774
0.634026825428009
0.4134204685688019
-0.378155916929245
-0.8484818935394287
2.1316497325897217
0.0834851786494255
-0.15956996381282806
-1.5135457515716553
0.8911277651786804
0.722962498664856
-0.7095630168914795
-0.3230801224708557
1.58932363986969
1.2841391563415527
0.06372559070587158
-0.767649233341217
-0.1075054481625557
0.04856771230697632
1.7320131063461304
-0.15294264256954193
0.8095975518226624
-2.426051378250122
0.07946894317865372
-0.837096631526947
0.37842023372650146
0.4028111696243286
-0.2762342393398285
-0.16143260896205902
-0.49179166555404663
1.203464388847351
-1.1419672966003418
0.08270486444234848
-1.3193947076797485
0.07456840574741364
-1.7581567764282227
1.551093339920044
-1.6819899082183838
-0.4908868074417114
2.232668161392212
0.7944718599319458
0.4023187458515167
1.0850398540496826
-0.25790145993232727
-1.2340959310531616
0.09329032152891159
-0.6903305053710938
-2.006937026977539
1.0265322923660278
1.4618171453475952
0.23158662021160126
-0.8843251466751099
0.7821981906890869
-0.5022069811820984
1.2653642892837524
-0.6408818960189819
0.5154371857643127
1.2499916553497314
-0.2846146523952484
-0.33034342527389526
-0.0908132940530777
2.5082826614379883
1.126247763633728
-1.7813947200775146
-0.9681028127670288
0.06823480874300003
-1.2515654563903809
0.2054566591978073
0.43298572301864624
-0.5822039842605591
0.8008998036384583
0.8899624943733215
0.4319184422492981
1.459767460823059
-0.04168517515063286
0.8112238049507141
-1.5434584617614746
0.8380332589149475
-0.1941719800233841
0.36016401648521423
-0.29318276047706604
-0.7175564765930176
-0.2845553159713745
0.13493913412094116
-0.9485458731651306
-0.18790416419506073
-0.6325089335441589
-0.39036810398101807
-1.2336360216140747
1.4246159791946411
0.6737223863601685
1.016692876815796
1.2833870649337769
1.7788852453231812
1.6389245986938477
-1.5090519189834595
-0.7377474904060364
-0.9070695638656616
-2.602505683898926
-0.21068035066127777
1.0695933103561401
1.751787781715393
0.6911805272102356
-0.046061284840106964
0.2793329656124115
1.560813069343567
-2.0611612796783447
0.9934569597244263
-0.9984087347984314
-0.04695260152220726
-0.032011549919843674
-0.36982831358909607
0.018791954964399338
0.7469810843467712
-1.5435341596603394
-0.43059298396110535
0.28655290603637695
-0.662446141242981
0.520354151725769
-0.32502037286758423
-0.20519597828388214
-1.8226158618927002
1.4554463624954224
1.100219488143921
-1.0444060564041138
-0.010960407555103302
-0.8804328441619873
-1.4411715269088745
0.7862220406532288
0.2512267827987671
0.9742311835289001
-0.41403403878211975
-0.4818631410598755
1.8560028076171875
0.674344539642334
-0.7450515031814575
-1.1818978786468506
0.2677067220211029
-0.9786496758460999
-0.4835905432701111
-0.34833166003227234
-0.06840942054986954
0.06313304603099823
1.6608651876449585
-0.7923060655593872
0.575449526309967
0.2857716679573059
-0.1408151537179947
0.011551879346370697
-1.3352926969528198
0.5808395147323608
-0.6127893328666687
0.7337938547134399
1.2262001037597656
1.1736046075820923
-0.5581843256950378
-2.2140004634857178
0.858045756816864
0.19723589718341827
-2.0303704738616943
0.6642204523086548
0.370004266500473
1.445561170578003
1.119512677192688
1.3222620487213135
-0.6955050826072693
1.2284297943115234
0.04183492437005043
-0.5633143782615662
-1.6515700817108154
-1.1641258001327515
-0.98680180311203
1.4753774404525757
1.7709522247314453
-0.4963243305683136
0.6645758152008057
0.4944514036178589
0.6919010281562805
0.21875916421413422
-0.570208728313446
0.7594064474105835
-0.23776523768901825
-1.6461920738220215
-1.622684359550476
0.35523325204849243
0.14848417043685913
-1.3330425024032593
-2.113024950027466
-0.7054257988929749
1.001947045326233
-0.11370044946670532
-0.1018318459391594
1.9409807920455933
0.9656991958618164
-0.3819273114204407
0.42642301321029663
-0.5744149684906006
0.7011452317237854
-0.027348438277840614
0.005035052541643381
-1.1953409910202026
-0.2982172667980194
0.08579479902982712
-0.593127965927124
0.39758679270744324
-0.04455002769827843
-0.01390739157795906
1.1274923086166382
-1.05902099609375
-0.01659269444644451
-0.26421159505844116
1.272944450378418
-3.4638779163360596
0.19640189409255981
1.396582007408142
0.5133044123649597
1.3032817840576172
-0.5790455341339111
-0.6515078544616699
0.5635660290718079
0.36417239904403687
0.28089314699172974
0.6352629065513611
-0.22209733724594116
0.2711823582649231
-0.889049232006073
0.5950430631637573
0.39754518866539
0.8931728601455688
0.10548049956560135
-0.345432311296463
0.7075003981590271
0.761989414691925
0.47538048028945923
0.12600186467170715
-0.6328790783882141
0.805116593837738
-1.3881083726882935
-0.022597601637244225
-1.265142798423767
0.35566630959510803
-0.6724826693534851
0.5377387404441833
-0.3411392867565155
1.1304306983947754
0.6622375249862671
1.3035788536071777
-1.2591043710708618
-1.1515042781829834
-0.8808685541152954
-1.2881357669830322
1.4088515043258667
1.237181305885315
0.35506272315979004
1.7448254823684692
1.3158762454986572
0.7023021578788757
-1.9647146463394165
-2.2262163162231445
0.3982565999031067
-1.1743345260620117
0.46826842427253723
1.7258471250534058
-0.41143515706062317
-0.6373491883277893
-0.1075475737452507
-1.6121068000793457
0.10441917926073074
0.7163854837417603
-1.3906457424163818
0.5382214784622192
1.7696642875671387
-0.11988324671983719
1.1284570693969727
-0.44508519768714905
1.0664136409759521
-1.8486638069152832
0.746551513671875
-1.444917917251587
0.8714945912361145
1.0221776962280273
0.6005043387413025
-0.05707544833421707
-0.3935917913913727
0.7965224385261536
0.09836222976446152
0.6596763730049133
0.6130427718162537
-0.8394467234611511
0.27607765793800354
0.15412352979183197
-1.0879448652267456
0.08687534928321838
-0.31456029415130615
1.1174789667129517
0.31308501958847046
0.131135493516922
-0.44947823882102966
-0.4420850872993469
-1.1517860889434814
0.014902598224580288
1.9981385469436646
-0.7777042388916016
1.9111024141311646
-0.2805076837539673
-1.0608335733413696
1.2604520320892334
2.3067479133605957
-0.7046483755111694
-0.0739000141620636
-0.5186362266540527
-0.9141146540641785
-1.7948551177978516
1.5974856615066528
1.407393455505371
1.1964949369430542
0.20027188956737518
1.504382848739624
0.6906244158744812
0.2791476547718048
0.26005834341049194
-0.16441060602664948
1.7561856508255005
0.9702054858207703
0.1521948128938675
3.22033429145813
0.6698557734489441
-0.653491199016571
0.7324018478393555
0.9500666260719299
-0.4470081329345703
-2.296945095062256
-1.3214775323867798
-1.0068227052688599
-0.1626756489276886
0.16581545770168304
-1.5207871198654175
-0.4748905897140503
0.16639208793640137
-0.5296605825424194
-1.0777325630187988
-0.39735424518585205
0.3882185220718384
1.5627554655075073
-1.419142484664917
0.09625846892595291
-0.3259792625904083
-0.22934120893478394
-1.9528039693832397
0.478718638420105
0.016067517921328545
-0.3766094148159027
-0.3469720184803009
-1.4435343742370605
-0.09739872068166733
-1.0241297483444214
-0.04794827103614807
-1.5837340354919434
-0.1493522673845291
-0.14083753526210785
0.15152032673358917
-0.2580423951148987
-2.0810015201568604
-0.54060298204422
0.22335344552993774
0.7065134644508362
1.0457695722579956
1.7690439224243164
-1.627724528312683
-0.5343133211135864
-0.37451955676078796
0.8038793206214905
-2.204202651977539
-0.9189356565475464
0.53168785572052
0.01721743494272232
-0.06755390018224716
-0.8114586472511292
1.4445087909698486
0.8547834157943726
0.8582571148872375
-0.9792354106903076
1.998333215713501
1.5592906475067139
0.4788267910480499
-0.11152434349060059
0.13200031220912933
-0.7014185786247253
-0.368113249540329
-0.8330927491188049
-0.909975528717041
-0.7175882458686829
-0.7602860927581787
0.5071303248405457
-0.73734450340271
1.6974337100982666
0.128793403506279
0.20924584567546844
0.034780364483594894
-0.5433840155601501
-0.9100368022918701
0.5993106365203857
-0.07166787981987
2.6697466373443604
-0.852816641330719
-1.2023223638534546
0.7049597501754761
0.5439895987510681
-1.1098474264144897
0.27188387513160706
-0.1027485802769661
0.415658175945282
-1.1094183921813965
-0.3250778019428253
1.0633379220962524
-0.9348742365837097
0.9650747179985046
-0.2727712094783783
0.6740974187850952
-0.39382442831993103
-1.4239752292633057
1.7044068574905396
-1.4374810457229614
-0.9002978205680847
0.03706594929099083
0.32488974928855896
-0.8355666995048523
2.2280688285827637
0.4789460003376007
0.6608333587646484
-0.11913241446018219
1.3750505447387695
0.020158106461167336
-1.6158488988876343
-0.7442834377288818
0.10520008206367493
1.3433176279067993
0.822007417678833
0.17599080502986908
-0.7000460624694824
0.8069360256195068
0.7766110897064209
0.34711089730262756
-1.135715126991272
-1.7566558122634888
0.7748469114303589
-0.07643131911754608
1.303311824798584
-0.5359452962875366
-1.042607307434082
1.110851526260376
0.5487935543060303
-0.4930312931537628
0.11531998962163925
0.42519068717956543
1.1023465394973755
-1.7111740112304688
-1.3540736436843872
1.4712944030761719
-1.292717456817627
0.1050398051738739
-0.08990596979856491
-0.4134924113750458
0.9566081762313843
0.6021143198013306
0.16368788480758667
1.4804332256317139
0.9978172779083252
2.078228235244751
-0.09663331508636475
0.30365681648254395
0.18617737293243408
1.7009682655334473
0.9441879391670227
0.39803096652030945
-1.2837390899658203
0.39395275712013245
1.138149619102478
0.7266573309898376
2.24069881439209
0.23422791063785553
-0.6958181262016296
-0.495422899723053
1.1628987789154053
0.8907999396324158
-1.0980274677276611
0.7220240831375122
-1.6735012531280518
1.0142111778259277
-0.06458774954080582
0.8716551661491394
-0.3256363570690155
-1.6281507015228271
-1.618919849395752
0.8836971521377563
0.7577104568481445
1.0663007497787476
-0.3794548809528351
-0.1008421778678894
-0.5503655672073364
0.6947668194770813
-1.5335828065872192
0.31276267766952515
1.1076101064682007
-0.24982582032680511
-2.523193836212158
-2.105482578277588
1.6830283403396606
0.49523112177848816
-0.5078731775283813
-0.02478058822453022
-0.5001100897789001
0.7623204588890076
1.0874378681182861
0.5778546333312988
0.9808433055877686
0.8238953351974487
-0.5097976326942444
-1.501111388206482
0.10078433156013489
1.0825066566467285
0.714180052280426
-0.3439438045024872
-0.5090243816375732
-0.9308550953865051
-0.051607754081487656
-0.3673296570777893
1.4546780586242676
-0.5285984873771667
1.7446438074111938
-0.310555100440979
1.0708709955215454
0.09538700431585312
-1.1273304224014282
0.3619343340396881
0.7605509161949158
-0.017956189811229706
0.7924611568450928
0.25055646896362305
1.881819725036621
1.8584426641464233
-0.19723115861415863
0.26721465587615967
0.7027719616889954
-0.07904396951198578
0.8178653717041016
-0.6229374408721924
0.5041326284408569
-1.0681798458099365
-0.15308530628681183
0.6775064468383789
0.5895538926124573
-0.4973461627960205
-0.23710313439369202
0.5266371965408325
-1.532875418663025
-1.125831127166748
0.25662124156951904
-0.17772741615772247
0.44274431467056274
-1.2786667346954346
-1.9915193319320679
-0.6950383186340332
-0.20009396970272064
-0.013634304516017437
0.24622361361980438
-0.9625148177146912
-0.5639607310295105
-0.4708801507949829
-0.8510309457778931
-1.0627182722091675
0.8106933832168579
1.410058856010437
0.7994001507759094
0.6042154431343079
0.4994780123233795
1.3577766418457031
0.7145795226097107
0.13834738731384277
0.039684683084487915
-0.8400532007217407
0.3793388903141022
-0.2803286910057068
-0.47306016087532043
0.5790284276008606
-0.8810347318649292
1.5004111528396606
0.6779379844665527
0.3415006697177887
-0.6086655855178833
2.250663995742798
0.7058073282241821
0.8577261567115784
-0.6170945167541504
1.5096970796585083
-1.3541829586029053
0.12268061935901642
0.5612239837646484
0.5816917419433594
0.6785804033279419
-0.7335781455039978
-0.11197303235530853
0.8251041769981384
0.9737571477890015
0.3902319669723511
0.49657773971557617
-1.0431054830551147
-0.5479222536087036
0.3157297372817993
0.3180205225944519
-1.2246121168136597
0.5199117064476013
-1.9358832836151123
0.5707936882972717
-0.09461044520139694
0.07218430936336517
0.07644828408956528
0.3831101655960083
0.1780988872051239
-0.6810160875320435
0.9591647982597351
1.7679078578948975
1.0876582860946655
-1.7721481323242188
-0.39512863755226135
-1.273073434829712
-0.07078472524881363
-0.3366357386112213
-1.3449928760528564
-0.8605860471725464
0.629493236541748
-2.5303642749786377
0.6568139791488647
-0.6416987180709839
0.8572783470153809
-0.37165626883506775
0.17448773980140686
-1.2249600887298584
0.4776309132575989
-0.791492760181427
0.013691127300262451
0.1989503800868988
-0.22018349170684814
0.3708364963531494
0.8852023482322693
-0.006803558208048344
0.15188750624656677
-2.702225923538208
-0.2502204179763794
0.6854718327522278
0.3768656551837921
0.9422357082366943
0.755927324295044
-0.8294237852096558
0.5951656103134155
-0.21714787185192108
-1.3487435579299927
1.1222059726715088
-0.5041977763175964
0.26687687635421753
0.15986186265945435
0.14508937299251556
0.7691975235939026
-0.6978814601898193
0.024004386737942696
0.31636953353881836
0.14506876468658447
-0.9532267451286316
0.6963995099067688
-0.5604205131530762
0.38736510276794434
-1.1235456466674805
-0.8697519898414612
-1.2142932415008545
-0.34741029143333435
1.5998488664627075
-1.3166959285736084
0.7729222774505615
0.2872142195701599
0.0646727904677391
0.450168251991272
0.8407691717147827
1.2343776226043701
-0.1269841492176056
0.3385617434978485
0.3772815763950348
0.8990945816040039
-1.327296495437622
0.5816483497619629
-0.7936826348304749
1.1579170227050781
0.9227356910705566
-0.40964698791503906
0.031130021438002586
0.9513172507286072
0.9023169875144958
-0.8035740256309509
0.6851207613945007
0.3564192056655884
1.3074967861175537
-0.21896319091320038
-1.4684888124465942
0.12612155079841614
0.007266405504196882
-1.3246386051177979
1.003928780555725
-0.05620943009853363
0.7524448037147522
0.4528829753398895
-0.8725062608718872
-0.26733359694480896
0.3544912338256836
-0.940094530582428
1.1552387475967407
0.23161064088344574
1.1088731288909912
-0.9076486229896545
-1.267104148864746
-0.6191642880439758
0.5454100370407104
0.7033482193946838
-0.2444494366645813
-1.5762203931808472
-0.6093630790710449
0.6512330770492554
0.37831470370292664
0.32575133442878723
-0.3134169280529022
-0.7156212329864502
1.0832467079162598
0.5816832184791565
0.8855355978012085
0.08906445652246475
2.3587639331817627
0.10145259648561478
0.2233143299818039
-0.7883558869361877
-0.05246848240494728
0.5072900652885437
-0.15996086597442627
1.2930434942245483
0.7007519006729126
1.298234224319458
-0.6417860984802246
-0.3674035966396332
0.7636293768882751
