seed = 1
alpha = 0.0
beta_f = 0.5
beta_var = 0.5
k = 5
lambda_reg = 1e-06
num_restarts = 15
raw_samples = 256
n_init = 5
n_iter = 5
device = 'cpu'
dtype = 'double'

x_best = [-1.0, -0.4519962372504102, -0.32145284363260157, -0.5878780050616789, 0.0032594490285923427, -0.7913312440744886, -0.1659036942046759, 0.2810542415870652, 0.13330335430185744, -0.1134715589141244, 0.2696891829534918, -0.1457794451205776, 0.36977572114334584, -0.169079738794013, -0.9828798186796691, -0.9604004310717346, 0.30013172942597477, -0.772390248812386, -0.014738443027212361, 0.6592310344213249, 0.7127289851919216, 1.0, 0.8810541528213812, 0.6530584868337974, 0.5532784329159927, -0.8210195292517156, -0.9430448207154238, 0.9899346403913385, 0.7575198828412111, -0.25551502455811387, -0.19109421085033873, -0.06268274699181638, 0.5842762622289598, 0.9027313382652986, 1.0, -0.6331621494982904, 0.9351314758248022, -0.4824871502766232, -0.3254304739890679, -0.019742578731336814, -0.5825364003857121, -0.42085071650575406, -0.3932950491826074, -0.03720327899767316, -0.17808210612919642, -0.4846384632084299, 0.5814782014184073, -0.4442007726334121, -0.4423585379115248, -0.47879765080594044, 0.5961389713776962, -0.5977182655183182, -0.16297868348613914, 0.8064848063680579, 0.763876394004711, -0.2606928701558662, 0.4149493422732227, -0.13368541109067228, 0.8002283844892059, -0.8804114877921972, 0.14315596919081208, 0.9315240695767896, -0.7010244344646199, -0.41130375344735265, -0.4720337418756628, 0.013433461474919218, -0.2614180452098347, 0.17512041508948425, 0.16909179483596906, -0.4172370818359143, -0.6423151825454471, 0.2206387191384274, -0.4197120251278937, -0.13273327248119624, -0.2380488248137096, 0.3441907073625155, 0.029785504241701507, -0.5740440435284088, 0.15559412943759052, 0.8352307747929703, -0.9368069343754126, -0.6128222310423079, 1.0, 0.04179182903500281, 0.592198687704328, 0.43897340037518673, 0.43912830707464995, 1.0, 0.34565904100789696, -0.5951309674106936, 1.0, 0.15828070423467708, -0.33987965161333145, 0.16273031360414877, 0.6662721616739511, -0.11925528872266944, -0.5593652357932202, 0.8484939511033219, 0.6901966574401068, 0.9725788160032621, 0.9398048450786285, -0.3166538305790279, -0.19434307585031912, 0.27932644162932047, 0.4983017392214072, 0.2174523570920494, -0.3873300298943716, -0.0421887300930072, 0.8973096686350522, -0.19582579641117093, 0.9973836133143387, 0.8232694491131871, 0.923432078160475, -0.8235444147209299, -0.4143439764505066, -0.6240123668728965, 1.0, -0.4187295571145683, -0.4936202162838262, 0.06367762494137424, 0.6090364854066195, 0.34301720964809174, 0.7912683261026644, -0.39053732531067475, -0.32266931447797237, 0.09227724337881471, -0.5986268202348776, -0.08777053044550848, -0.27955714240559637, 0.4328191109319429, 0.5474016113819067, 0.33259626300219636, 0.81454637834666, -0.3930731468997491, 0.26753280970742654, -0.8611563442847444, 0.8496996699332207, -0.2566030642789086, 0.16521526419581217, -0.7643564470591159, -0.6227814321456101, 0.07476879508533242, 0.5543906141131776, 0.1782824662937572, -0.44611134617558823, -0.6455802712671858, -0.4861853056891956, -0.5710391182117491, -0.32405971458346644, 0.22469515383120067, -0.3231497416794638, 0.7750742140077808, 0.16794311052643132, -0.3033276506621066, 0.2965316659850897, -0.15990864746142713, -0.49320413098662425, 0.13546310905322576, 0.3256311957664322, -0.4538149598564052, -0.2806667727341227, -0.34781338813090806, 0.4171198855832332, 0.3368034695806833, -0.6285478077556486, -0.9982064541511515, -0.43785675000929497, -0.8209105122118912, 0.4691350816768458, -0.9094976249575321, 1.0, 0.4098058401828362, -0.40273233613218645, 0.11260727609301571, -0.3503148863946647, -0.08929461930320569, 0.154402162952895, -0.03783145448945345, 0.8701426409049644, 1.0, 0.129582665337998, -0.18069401461686557, 0.3311312558353449, -0.4996232618603997, -0.9325334740526982, -0.7975029153718314, -0.46687477151234313, 0.14453635878265722, 0.24908050447044106, -0.7976731066037889, -0.40785709854630703, -0.859294826932989, -0.1866095684086594, -0.152677718965192, -0.6298773680381902, 0.1891322958676445, 0.2010063286683976, 0.714706524714618, -0.4123848200129622, -0.20453703735464146, 0.846147629755507, -0.8971275264247055, -0.895927080354894, 0.8935689230358861, 0.5627643370083891, -0.3626881582794632, 0.16904095204571623, 0.016617769655609748, 0.5218024846822188, 0.062335330981518666, 0.6228452924277297, 0.6322183848440917, -0.36893988397729, 0.6564986014170285, 0.14145504010397267, 0.26006809066145137, -0.880582634625474, -0.17685973037691627, 0.9704790934982431, 0.8044210589038371, 0.4939270163800763, -0.8116517340749054, -0.38195627381240227, 0.6817948951526841, -1.0, -0.3632052811683994, 0.93447736669085, 0.7800796369233937, -1.0, -0.30031841547957344, 0.7140829692924148, 0.7228066434486631, -0.08465194851838503, -0.762917027867098, -0.7661419958355584, 0.988071344297366, 0.5211465120632451, -0.008701959609350903, -0.563393100284809, -0.1629825740026271, 0.11869085168203966, 0.1487195805522434, 0.10608722922767187, 0.759719901506738, 0.3011129912778703, -0.07038911572850279, -0.2565001402331587, -0.005130952405829267, 0.37551544599362546, -0.3710228839629601, 0.5806652902157311, -0.29442618939363563, -0.42390714401094975, -0.3221807615774378, -0.1831554119649492, -0.1748153476258193, -1.0, -0.3542679422419131, 0.5921024190339388, 0.8780125655594344, -0.9274571698135452, 0.5303988222785126, -0.19779182865567224, 0.0989290059727465, -0.16438102280495842, 0.6670662505601092, 0.5667683761824568, -0.27238456632798025, 0.2132089428321406, -0.5917427169986382, -0.38753587308137905, -1.0, 0.5215953488324648, -0.6307660921255188, -0.19908993846178313, -0.6753137489621557, 0.12922229806238583, 0.650241435947099, -0.6033896100393167, 0.17790938228780134, -0.48537681476797995, -1.0, -0.3317328533353613, -0.15457569094813758, 0.7154501873674268, 0.5091517645870471, 0.42673761713600644, 0.6381050229082624, 0.028268171697398266, 0.06980554733376328, 0.8025615825410074, 0.5963779766160489, -1.0, 0.7498606125232262, 0.6199442212230558, 0.21128085310235142, 1.0, -0.8662531534331208, 0.6864971892387784, 0.8230234573611853, 0.17692091921579692, 0.9697157891665873, 0.967695580680561, -0.27146998907102027, 0.27043996874159093, -0.7657368276470157, 0.8503327542853975, 0.709376099665225, 0.15001266162514665, 0.07995999964494883, 0.27120853265211076, 0.8036839411480554, 0.23820678964375086, -0.6814106149612278, -0.5370266121491484, -0.5936119775766207, -0.5209880942566282, -0.30966158448485076, 0.8516925877065527, -0.5953321460271459, 0.13564841376750725, 0.9211246882587568, 0.04271116704073931, 0.732301623565944, -0.005388869183675537, -0.5419133951983055, 0.4690291372522667, 0.1868756604932737, -0.864412800485231, 0.5455351745766224, -0.9144352247135071, -0.6706997469727018, 0.713795029499349, 0.39825844725650816, -0.17333999259715938, 0.4633402123992098, -0.6202642806535699, 0.5227117066353508, 0.855879260030056, 0.44674054262342316, 0.6094290920745448, -0.5237531623804904, -0.18255201400271198, -0.3733496455863376, -0.5731500342875565, 0.7394656357693279, 0.4423164429529999, 0.7900159910026996, 0.30661894821077473, 0.5927780126812875, -0.040216449845911134, 0.23974550853579393, 0.614036867031239, -0.09805820453245619, 1.0, -0.46000811261844227, -0.09749253418647967, 0.17697431266774763, -0.6407153563385297, -0.19547199109668933, 0.9855328354412352, 0.7822014508107693, 0.6608680751157717, -0.8976247173619966, -0.268952573130545, 0.32200405343847954, -0.06229632020250424, -0.19466963828755024, -0.5364710404999937, -0.3325932693773299, -0.05642156481379546, 0.28915004848246467, 0.12600031748611326, -0.8034153523757107, -0.2895690673351088, 0.288773009459769, -0.9275169168115476, 0.2779014713028942, -1.0, -0.15166059478925617, -0.9527616121819656, -0.9667611866981908, -0.9668729949384236, 0.2645657277467389, -0.43015406453472604, 0.8801758135152236, -0.19824685016376448, 0.8637318782318165, 0.2956156464584793, -0.10193885511922686, -0.8190315940910878, 0.17434433134770955, 1.0, -0.06709591273871732, -0.39848364420297894, -0.6861255376904342, -0.6323813117243228, 0.6905664662086597, 0.4516025135321834, 0.7988272443385016, 0.9305818581920565, 0.04445628040548469, -0.5574706527555775, 0.5838019444562338, -0.43771742970494193, 0.12376616218811098, 0.039131599145974895, 1.0, 0.61088504356529, 0.7812745037061986, -0.49737569639449125, 0.9823963001653782, 0.0030519054581589038, -0.8569345111276144, -0.7486046679710152, -0.2964214764950625, -0.22377467333814086, -0.4486737594093927, 0.19888788092053225, -0.8428162803858081, 0.5160581974033949, 0.23886632037308692, 0.043173109193344876, 0.06040390158894111, -0.906176634395306, -0.8441120278167413, 0.5388550359307003, 0.7105747561165315, 0.13236937863847983, 0.419083002910134, -0.013479852096749054, 0.2939198976969036, -0.9944571166267758, 0.6725973348770904, 0.8040837067726442, -0.9760660463736461, 0.3501208102713072, 0.6475376005744482, 0.8591305906017856, -0.37270406128297745, 0.36959134067816307, -0.7442604362445121, -0.913621418935129, -0.7398161586669635, -0.8088509581389683, -0.4146554219519047, -0.7313450572970279, -0.19236440049302572, -0.7695625639116463, -0.9195017904211228, -0.31159274672034665, 0.7167001568077849, -0.8148197075916405, -0.11482891609404983, -0.15097697412225225, 0.3618861317048471, -0.35067019688593937, 0.697772391332431, 0.4785212162622143, -0.7244244677052807, 0.35878212158961237, -0.3574064638398554, 0.45239400106124383, -0.49073430613615165, -0.061180905705271245, -0.9999875199365841, 1.0, -1.0, 0.7553219659829914, -0.7717054101768, -0.5107488331116716, 0.18962569929562048, 0.8999186316781813, -0.5207816311777688, 0.6892018723457365, -0.18145490974946837, -0.7467445834499604, 0.6384567134891606, 0.9692609702550503, -0.5607208509373873, 0.2994468243945637, -0.46252817268837926, 0.7093054241830227, 0.18648492848047496, 0.07191042448160358, 0.6590509363933625, -1.0, -0.788499607437088, -0.36556078758477684, 0.6966147261775144, -0.2358521686607196, 0.6816524372158778, -0.29850665012571637, 0.16215774837069666, -0.012447699782044396, -0.05332031316689791, 0.5152113028922176, -0.4465093996982469, 0.35237354687110867, 0.6521151833501042, -0.6471924992967729, -0.02719065402321358, 0.837616235145781, 0.8999360060821073, -0.22886156970867758, -1.0, 0.6500168101640355, -0.7241585625134633, -0.10640307160351126, -0.5095412608379941, -0.8548361007364618, 0.3553117969848439, 0.1647420595597354, 0.15521431249439144, -0.9606519105782961, -0.3843133986205995, 0.679376365565841, 0.5658598073279391, 0.8167470916605684, -0.4212196049852312, 0.8614837686637576, -0.6392227244519654, 0.7369596649113512, -0.18335370481476806, 0.7439418301968048, 0.06053231190871532, 0.24286833463046403, 0.7252377323111336, -0.49895700545007965, 0.6430762008838364, -0.0023300086484295264, -1.0, -0.29582280760734464, 0.6769849207158061, -0.9447131404966089, 0.18234214213225347, 0.21335395640863739, 0.2792623789751683, 0.7937917482266194, 0.9547992575949128, 0.42604025606425044, -0.5537162701675278, 0.4646116031093155, 0.5059721833831695, 0.9370858179276769, -0.1293070575163696, 0.9406808477385318, -0.39229201311120604, -0.8037277200043945, -1.0, 0.35556564099020954, 1.0, -0.9235398286441703, 1.0, 0.2763161050385668, -0.8871802567888103, -0.2176855364001723, -0.943105738991855, -0.27869243341435224, 0.685061224941234, 1.0, -0.7086272417631083, 0.7432356624256972, 0.6275478201526566, -0.3916220423820234, 0.2139319299614732, -0.8340155643629917, 0.07343983575298366, 0.15403443378003617, 0.4867078686595329, -0.6397946462021784, 0.9289557639297651, 0.26067451767507965, 0.06809457668769661, 0.5201926898758127, 0.5702084800535179, -0.15729264239622678, 0.7840516002454366, 0.31222006577760114, 0.5344403962791061, 0.23886397059044737, 0.08547599170612119, 0.05343191568684221, -0.972057901932843, 0.5886511996042152, -0.9627228807036803, -0.5154236098475277, -0.999858658511328, 0.206542188491027, -0.1926818004651175, -0.7152245898195194, 0.3133225559617214, 0.5069826609782688, -0.11407230152407556, -0.3191304614370089, -0.2246378329522714, 0.8409543284964822, -0.32837456952153876, 0.08006067007787006, -0.38898399669435957, 0.08831587508197682, 0.8932787739738086, 0.9320311168745076, 0.024700063593427184, -0.6646500983557663, 0.26939702338916505, 0.49853974926027766, -0.40985877962429484, 0.05766509804778179, 0.7227998558036086, 0.001458943061642793, -0.4882953055715553, 0.7748521899520213, -0.8314037348092982, 0.025756875933756442, 0.9513028570492775, -0.18332146468285992, 0.7328371649696719, -1.0, 0.46613949050212494, 0.26225871939749673, 0.4793194154614984, -0.09700727997054666, 0.44561553403026255, 0.5579313661644513, 0.36984347412690405, 0.6175729111701377, 0.6328793227943649, -0.7652323197897911, 0.8958170132207953, -0.8326376057670275, -0.2068492930834201, 1.0, -0.05110952060843242, 0.9595897740358903, 0.8166401163286526, 0.34677072215791255, 0.3746920427513742, -0.4271836956340902, 0.1344161076854007, -0.8408448238805596, 0.3653668844422261, -0.7234073776414002, 0.5756655212414362, 0.8756780286439456, 0.41152021974878783, 0.31635059349671774, -0.9157714260505969, -0.4481440921067929, 0.329743418707774, -0.5852502952092253, -0.3292041384124235, 0.9281147358529315, -0.5876236920862626, 0.37211570832888424, 0.9110118462492702, -0.5795877530373347, 0.593931769299831, -0.6697163615670335, -0.3782253750139599, -0.8871754184809616, 0.30589912656844614, -0.6437005371950968, 0.24228151602764678, 0.25483994913620456, 0.5287906887330639, 0.08319458482402557, 0.18186989264054623, -0.17878962537901436, -0.11633902617160188, 0.553248592774624, 0.05149819837293692, 0.9994374725298386, 0.6472988331145139, -0.29548629810921845, -0.9508886050683475, 0.3073135246947437, 0.4042358958745575, 0.38891306737959513, 0.8554005091714799, 0.5398389335123729, -0.5932810009835691, 0.5506710408295696, 0.10242009945844634, 0.5358151494643587, 0.1927491324540403, -0.47713680716939005, 0.6269638251293057, -0.892168508164133, -1.0, -0.2024199655168952, 0.8923434000053615, 0.5472737495465546, -0.6149753796584297, -0.33858353782514505, -0.6182246934897042, 0.36319859299645, 0.030232398021660282, -0.2460740319025653, -0.2898191803981469, -0.06475171797044135, -0.511567828589981, -0.8713184887830383, 0.5485746960689188, 0.396348767851013, 0.20525061295911107, -0.918373441633793, -0.6433965503598825, 1.0, -0.6931930270701185, 0.2700184873708266, 0.868266789527382, 0.3902509567675333, 0.7828327597384837, 0.41847435403083466, 0.7388213702789275, -0.07552677247250811, 0.8534012491579471, 0.9172499812623711, -1.0, 0.5153820708698686, -0.5753778074572344, -0.9509027670428476, -0.3099954317163739, 0.1064724635411894, -1.0, -0.5242009745761896, 0.6395973075688305, -0.8585161329270908, 0.8561725462454045, 0.3237875686058541, -0.5074978325602635, 0.022011271735213462, -0.4676317517238099, -0.8449474692123313, -0.11593565674725236, -0.5564260481605267, 0.15758538011355647, -0.7805264619903116, -0.5591064363950948, -0.6059359961137847, -0.7232671862058239, 0.6777933430876728, 0.5357260025719149, -0.5820335375945873, 0.8786045142251689, 0.4583403202811051, 0.4293643166571584, 0.6113248206164488, 0.7849530197910243, 0.2247549185426842, -0.633146206511838, -0.3348493543440223, 0.49228251391825434, 0.3483332975005852, -0.04577032238946689, -0.7226493534114378, 0.5124070332030545, -0.6096346106796061, 0.394406577005833, -0.5078896644813194, -0.3530410203440206, -0.010819825947955915, 0.720337868908411, 0.2668969716318644, 0.7625521762305152, -0.3250432428580332, -0.9352466650729219]
y_best_mean = 21.299317981905318
var_best = 1e-12
